<details>
<summary>📊 <b>Click to expand the full end-effector trajectory data (0.0s to 20.0s)</b></summary>


| Time | $x_e$ | $y_e$ |
| :---: | :---: | :---: |
| 0.0000 | 1.6000 | -1.0392 |
| 0.0557 | 1.6179 | -1.0111 |
| 0.1114 | 1.6354 | -0.9826 |
| 0.1671 | 1.6523 | -0.9538 |
| 0.2228 | 1.6688 | -0.9248 |
| 0.2786 | 1.6847 | -0.8954 |
| 0.3343 | 1.7001 | -0.8658 |
| 0.3900 | 1.7150 | -0.8359 |
| 0.4457 | 1.7294 | -0.8058 |
| 0.5014 | 1.7432 | -0.7754 |
| 0.5571 | 1.7565 | -0.7448 |
| 0.6128 | 1.7693 | -0.7139 |
| 0.6685 | 1.7815 | -0.6828 |
| 0.7242 | 1.7932 | -0.6515 |
| 0.7799 | 1.8043 | -0.6201 |
| 0.8357 | 1.8149 | -0.5884 |
| 0.8914 | 1.8249 | -0.5565 |
| 0.9471 | 1.8344 | -0.5245 |
| 1.0028 | 1.8433 | -0.4923 |
| 1.0585 | 1.8516 | -0.4600 |
| 1.1142 | 1.8594 | -0.4275 |
| 1.1699 | 1.8666 | -0.3949 |
| 1.2256 | 1.8732 | -0.3622 |
| 1.2813 | 1.8792 | -0.3293 |
| 1.3370 | 1.8847 | -0.2964 |
| 1.3928 | 1.8896 | -0.2634 |
| 1.4485 | 1.8939 | -0.2303 |
| 1.5042 | 1.8977 | -0.1971 |
| 1.5599 | 1.9008 | -0.1638 |
| 1.6156 | 1.9034 | -0.1306 |
| 1.6713 | 1.9054 | -0.0972 |
| 1.7270 | 1.9068 | -0.0639 |
| 1.7827 | 1.9076 | -0.0305 |
| 1.8384 | 1.9079 | 0.0029 |
| 1.8942 | 1.9075 | 0.0363 |
| 1.9499 | 1.9066 | 0.0697 |
| 2.0056 | 1.9051 | 0.1030 |
| ... | ... | ... |
| 20.0000 | 1.4133 | 1.2817 |

</details>
